100000 100
33832 28 798435164745458.0
87652 3 530221220292759.56
10456 27 890578852850979.1
64451 36 578169693165272.6
22669 87 60735412989960.44
882 15 887237626873007.0
69820 43 848394297393826.5
77594 79 904646132725061.1
26556 76 729500164435756.8
38096 13 616862802126873.6
23287 98 723559561031892.4
85639 16 302907611567514.9
38861 63 382953171628658.2
75539 60 575875868697902.0
69176 49 160661427393916.1
18705 67 69197923478421.58
84279 88 412152839347407.44
67021 66 554317480618030.75
54479 8 903625898348906.5
87842 3 107160090330245.98
31587 65 255794929292666.78
71376 55 303412518533778.8
64581 91 781290652178492.8
61033 30 184383159275049.44
45525 70 477293592674312.7
3350 86 996474283141017.1
17517 7 802097481681737.5
78114 84 576388053426577.5
7618 72 535602520270079.7
24645 10 665130741056776.4
90966 93 256721537379761.78
29489 43 923388477033073.6
51275 30 366418519718205.06
36938 59 72767659322523.61
28693 72 931785011410341.8
43444 16 666407805235974.9
49523 68 789463322915432.0
12288 98 923477946570036.9
89238 87 282584055853648.9
40875 18 11391224235955.955
79832 4 927605692476768.9
19811 5 92827542731522.72
8426 53 812528729053388.9
59855 85 977054962183033.8
12379 18 730622821405436.0
63119 72 780748015672958.8
76217 92 708253380214569.6
89348 75 220296971701404.6
31496 53 453250493591231.1
82617 59 613098599678774.2
1895 49 634279569040949.9
26998 84 1863657838055.1995
38100 18 870697150809675.0
29336 23 703166525090600.9
15046 20 884394529826375.1
13925 1 213220645522792.28
94581 7 45590109934893.875
43748 86 73732396725348.48
43933 34 436658437553222.2
75573 39 24548174190715.645
62888 96 940343903744216.9
15621 90 569001175309302.6
62064 13 675977803836563.8
69667 11 902142489340637.5
10282 77 640462368873908.2
2924 37 865280399023978.2
71023 36 527554930385169.6
83525 25 276811311097728.94
5054 3 264255400478249.34
93613 80 547386666681849.56
96993 85 315213445986819.0
47511 82 166305585469401.22
33690 64 617907999909140.9
64481 73 441514915780229.75
42094 17 713699055923893.9
91787 47 339937468033836.2
42343 95 400137397349261.4
73196 35 675344052698995.5
53620 44 14498219282174.207
56065 38 933197488522113.2
76654 3 162812956671611.1
51471 18 641909309669886.1
38363 70 776359387474955.0
6917 32 95701692240119.92
94383 40 559092577131921.4
8116 22 684597112318109.5
55506 16 655957483086275.9
50877 56 597048155767478.9
99258 81 943564996523741.8
31963 26 742225479205824.6
51609 79 468418342753815.75
65760 52 378683456266567.5
86116 51 932229966840793.1
34311 48 13722236529797.428
67949 41 929529196849694.1
86557 71 397735782516217.7
1026 72 474009963079097.5
67262 35 224936877664896.78
57856 88 671291784781535.0
32929 80 874549404531222.4
7123 66 61846978604109.81
90228 29 629658885265778.4
83927 15 601025838945843.8
32893 19 86833301579416.94
58633 70 612952835464369.0
77094 54 717688530062953.2
40417 86 965487696838655.0
83265 39 441909867188475.5
39155 42 341193065945707.06
18818 27 130609870049069.1
61133 39 567639844102428.1
20053 59 965926883935738.9
54461 44 702974777335537.1
95407 54 389847106153255.1
17669 87 450038971896459.25
56843 90 406287428634896.2
8860 90 874303044516364.4
44114 54 731779370827408.2
65330 34 9327298164955.922
32422 69 123615858040087.23
56290 18 257671555892694.53
61496 76 328521497097992.8
7262 18 752119028280756.5
55264 22 929128690470218.5
12299 2 486223858361021.9
25955 32 746720037024525.5
4194 16 661105176814345.2
13720 56 620839350486624.9
2803 79 203949692319974.28
2042 9 842815184346805.0
28538 18 777203222285290.2
57770 6 480831985516740.1
57799 61 970303867550891.5
4604 27 747030537070855.5
19961 29 576294201999223.2
11390 50 615104740131650.0
67716 22 294090668771902.7
16039 7 828801764655587.0
14345 61 551775465956191.06
90095 54 803233193682359.6
93885 35 953907427943992.9
10119 24 895336127844913.0
85105 11 396764859768367.06
43787 54 869936122792546.8
13562 1 195638225943894.47
41855 4 7229566342920.713
36226 46 38344940232219.016
78925 99 290583817528730.6
43568 26 350630314622155.75
2207 21 699006865842975.4
73790 7 301638367018121.06
34211 9 240020723921582.34
63691 17 458477107451256.25
9332 80 871859389766693.2
93038 63 123434883836669.45
30201 91 194088883627630.22
74254 99 995152741665990.6
39058 95 942339305955751.4
94760 11 324742335090971.25
14844 48 846934900021804.9
44853 20 539253844889059.4
15689 57 105941193433362.06
64809 95 880852158840781.6
31277 56 957330812406718.6
12510 56 224525026740029.94
52170 13 757419046284114.2
3495 48 477866176691419.5
13134 1 407178372225345.4
34501 32 92720908465064.1
49527 37 318217380213682.5
3272 47 129549908600366.3
63068 26 647056709950469.9
97040 94 184886170239996.3
95231 94 832827257257457.4
66094 84 40812794529168.75
27689 31 250674454314623.75
37284 34 998155105217164.4
89271 8 30203079140297.184
73628 94 362973410024715.3
40354 4 160089896874834.78
5004 60 251746588181293.25
38056 57 76919307273543.8
7813 91 444350708157494.3
53060 56 710147998681757.2
95824 32 273529006745646.4
8622 65 711158674986314.8
20738 51 544623402272642.8
70513 32 362995791298627.25
37306 46 476156656653670.8
48538 56 513940200059938.4
15841 94 663815244666040.5
76504 46 561157865620240.06
13314 37 419007271470921.0
96661 54 626693875109062.8
68574 55 666755220804220.6
52053 90 712457122144910.9
88389 87 616008831749122.2
8830 33 818626896481197.1
87203 26 326321191268979.06
49641 47 410205944894795.7
41307 30 238444169711432.12
50549 4 140247701925891.98
58386 82 79390069629807.33
47762 71 335314640276461.3
88310 58 65627930113633.66
88047 5 692438891589707.1
11636 52 531968902302995.6
25661 31 366382758902598.3
56468 38 278709579602856.47
55457 6 480720481638533.56
5910 17 330122195229231.56
55122 99 84706560037323.12
50574 0 855180560142917.0
7669 69 375826710176133.3
97489 20 10471809815516.764
22402 61 220606285341104.38
14774 14 395465712202604.3
40513 3 418223396003525.75
99980 52 807547641527070.9
83004 49 588866189518095.2
72005 91 348134567073446.56
35612 90 998503198650884.1
16635 12 385849658121796.6
53915 97 217020223937640.66
51176 8 66428379664489.11
26139 77 914255390739229.1
76233 76 400619539517494.4
16183 55 298956885553353.3
7830 16 689283688807973.8
77562 80 339357234160934.9
67351 70 407882742206317.5
35630 90 395036469738553.3
61423 8 323477676422087.1
28837 94 124583127879396.52
72076 61 233380166918121.6
47192 26 848744455206532.6
50649 26 841531207938621.6
73500 42 621457691959691.5
26466 99 188776681574696.62
66917 13 781945793856827.0
97503 78 995698432278197.4
19802 56 142166870510556.3
27117 68 651112242719535.6
31866 98 301196726197529.1
82828 86 629892315233711.0
10639 22 587798530467573.5
9063 78 211227908822276.94
96231 12 75040570985777.55
54449 92 69879556716874.516
42959 94 672946304025160.9
13436 42 342664561193413.06
12626 60 45881096158598.15
63804 51 63181662043036.1
5542 12 868107041957881.6
1101 20 784939639979267.4
15098 85 229754112933903.56
66361 54 458243334759192.1
8340 72 342825960158208.56
17572 0 11929991396131.379
31574 29 892692668956963.8
38322 26 854668236306216.4
35994 38 107548357952544.58
8157 43 416072668447932.9
33736 28 501971250481979.7
80789 30 386234916232695.0
44526 26 358563751995666.94
60451 18 361015524938497.3
96267 97 853178167298842.9
14735 49 300459007726695.0
42224 18 715663399154339.6
66810 97 787202026721909.0
71056 97 351416108987620.1
55442 45 911894780003184.2
18308 61 418028292880856.44
44330 30 992191057615079.8
57883 87 530344440348840.75
2620 82 206112522392380.88
76382 94 192187200087011.2
71149 61 287647879020725.5
83455 33 753128480472409.4
35044 61 280144630252179.94
93514 83 571947657965685.0
83387 37 37116705570897.97
38734 21 129512142504368.83
32366 66 114510327851917.95
77702 65 576919390264023.0
53864 37 196635755220375.56
63152 32 997859441270965.4
71634 3 174570118481018.22
45315 76 482900548444375.94
92394 45 304442143185718.4
51952 10 555397571981439.8
73879 73 853890450186435.0
89488 11 674327684254137.1
14369 12 694409552934621.8
9426 8 805214415770913.6
6051 73 52265772149288.625
64729 54 60043153613014.82
88810 58 159528095799792.22
32125 89 907424896421579.1
18632 60 665955236893487.9
99785 21 626667294497200.9
43123 82 650489295384442.2
75242 66 824279633411890.6
79431 45 129222669973858.89
3481 68 797795713352345.9
10979 52 104799645919050.22
39599 74 976578473899650.6
81147 66 248595269444520.38
88430 33 133372992804294.6
50253 80 12578767555968.762
81810 41 140195890542628.7
2420 12 607432860036454.4
90841 75 214994210487504.34
23466 59 626027038214658.8
93910 67 166574137056654.9
87450 71 899949648490290.1
87080 67 758431004179762.9
95103 7 968585207868278.4
77954 71 79363578773882.78
76521 77 982317828444499.6
90563 70 617373497046492.0
85844 20 556849056520056.9
84539 88 531626001091533.25
46477 75 666508356909753.1
156 48 267669536508732.72
93702 93 817602682587245.6
51631 5 377760259737730.75
16232 91 169798822771959.25
23299 54 480473833635116.9
18764 46 663005191556254.8
11857 67 793243456798478.0
60050 72 40801561971081.65
46109 75 278529596384703.66
32789 51 652314111052796.9
10736 95 422973946052499.6
35829 63 678582863261749.4
45239 81 893177319229798.9
88309 57 613797560692081.9
76298 73 931580141756335.6
79272 10 651913782521651.4
10576 12 493461548678792.56
78483 27 154951429437101.6
91106 51 103709534284104.34
67502 35 975329339862026.4
35230 5 785747426630654.2
10710 99 158241280735952.78
55531 4 573654733223928.0
63340 12 666564247292099.1
44681 98 328077235071378.6
76331 7 484381544435736.25
94420 75 689718820005989.0
93325 12 397928138857061.7
44820 19 665031350640971.9
27974 11 528362063372566.75
7271 25 979655806095778.0
37602 26 570268147086245.6
60203 71 957249575718558.1
55884 74 230870602375199.62
7197 70 215688704752041.06
3873 59 147165718281810.9
49836 11 316110971949839.94
39430 0 411358604423643.94
34582 75 862101663817616.9
19623 61 62926041895746.91
24569 55 975968993232393.8
20253 63 196236772874354.8
57610 15 124811532288974.56
69340 81 291948558644103.5
14019 96 828105081041788.9
86815 80 959090980836801.4
61527 62 782854826510697.8
70958 37 310858876231411.8
18472 33 934936001215238.5
37704 87 218721608124561.0
655 50 519170869866684.94
2415 67 807333799547128.8
89939 78 985304316137993.1
55920 22 743099826601012.8
15690 42 192187806476230.34
60346 11 248723449913864.97
60685 2 187822953496454.4
53435 67 112766190231807.89
19501 4 68117418275437.266
74259 59 537248515945948.94
29253 27 772212791695101.2
64032 74 516136705748317.5
92599 41 723210620364592.8
81069 21 953169554860913.0
24478 10 277165117730494.56
62567 56 801671663955092.0
84700 9 597692067248923.0
81403 63 631187148522796.0
34913 92 500043265052579.56
56432 18 143657982521584.34
26465 82 682372498398948.4
1691 42 13590388248208.24
84958 99 128078117823387.08
66526 78 678680087226287.8
63156 45 279004533552662.4
8597 40 789825158842634.9
92331 20 316178399048053.25
88352 49 803720786947347.1
27629 89 980493847690648.8
20117 76 367920175519925.06
81957 7 74622390784184.2
54153 20 857505831678055.8
29912 90 343235510561358.5
50613 72 619613489063980.2
61079 30 330089508368121.7
82410 3 99350590268773.12
64388 17 634770748402427.6
80301 32 507753922593825.1
46 10 604492550769385.9
54729 82 699331747964441.5
17041 90 457448596801056.44
54406 93 126832727755125.89
40638 50 418312565539232.0
49360 31 852252246609934.8
58823 13 655644546624971.0
91403 32 11660678473119.357
95551 81 927208782673837.5
95337 10 490049451822107.7
87443 80 556612555877483.8
40715 92 249017047541493.0
24653 85 510157429145037.7
75326 36 936651822537747.1
9487 5 827644968649192.4
82666 94 886576219518217.1
25347 94 459684358381034.5
35006 37 821012708703737.1
5773 24 429326805876249.7
87566 92 819327930592551.8
94692 30 286843031844265.2
52153 44 373009897208525.5
97974 59 31615015383255.176
84493 70 556972012392518.4
28139 95 176443075704094.34
57825 45 485929847097508.06
18228 15 949544971640064.1
62260 21 756008728520798.4
78535 87 71536122939045.88
28474 82 253520367866645.0
47590 13 10324336236284.482
66210 50 236292608772072.6
34621 37 197915166735776.8
92126 34 509186639742584.25
23277 9 267118609503451.78
65590 91 344452888299659.25
42410 22 488864989217637.3
14819 11 311509144443695.8
18319 8 17176084091064.857
52768 4 825753989950574.8
25420 93 203609614922396.94
28475 94 720229700994319.9
10023 49 768662144083067.0
73556 18 384915873993461.25
13387 89 106426968973359.02
71724 62 409177308492336.0
15943 15 994144741536924.1
99309 11 234142180213363.88
10994 93 316529207373339.9
67555 59 354777280577306.75
15233 47 811387774612472.2
47343 26 411124313475429.1
6478 70 831191702336165.9
67728 95 762892842971021.4
69329 33 37359866282828.17
55029 10 300919784386208.25
72470 17 527915555416401.56
67522 96 343615630112543.94
76908 14 119712295667235.95
66649 90 600032027882111.0
43010 99 580538139309572.6
6435 26 657603851061700.6
13402 71 92783697596604.66
94812 99 538938744870156.94
28627 55 861439574134235.2
38938 95 537258705337349.1
1575 57 557046949104207.6
3508 19 522000262506568.8
71377 4 670439884351581.9
15463 67 239456241807323.38
35440 55 477346202018976.8
83997 77 699302780670119.1
74052 19 23615189720685.77
56136 14 204473346130126.7
53748 39 260380378329173.6
91271 10 957670698219614.9
799 35 493784031684022.3
70849 22 231528473852909.97
6301 22 530451432704620.94
4930 54 627432481476173.5
1295 26 227878454765430.66
17786 47 499350707151332.1
84068 91 601093316327658.5
6453 18 298995551669456.0
10958 64 392738115595247.5
55053 58 365170960287845.4
57947 20 686169776175806.8
50249 48 429458382990789.44
28914 83 660920534622813.2
35310 92 815517603874083.2
51033 58 682336346442122.6
51485 48 301460902052170.7
41301 86 815308502338480.8
65207 75 225188577973970.62
28337 1 243167023888828.5
20987 4 430355139958554.56
68136 20 49736549054900.55
77051 90 422825940003848.1
6455 20 350701830418525.9
70025 51 598309259113915.1
69930 68 575802757530342.4
54585 3 681286739852841.4
12760 11 739693983701693.4
28879 96 47439084557638.125
3501 72 888070041410356.9
18000 94 579241500747507.8
90307 46 416807617538791.7
5876 25 539054319764004.2
18264 6 86784009485640.8
39975 37 598054526879716.1
38178 54 509728497008326.0
60200 78 49397971832472.96
78109 98 645278258288266.5
39717 33 838573658560083.8
80920 21 689773455754401.0
77025 0 920696335247828.0
46299 66 279028359206733.3
27430 89 177850803288584.8
91715 81 518318260041509.7
45511 41 891547437108235.6
99187 4 963223970279987.8
4927 29 352666829776372.9
11778 75 274679851906150.06
81703 4 641123486359628.4
10153 98 662226974344731.4
51314 11 860088935970362.0
46827 18 625543587865319.6
75873 25 156649251751038.5
60287 24 161564500404978.38
86317 34 845767867630793.4
71245 30 669764312606801.8
10974 94 786406287041959.8
74419 19 992260747977519.4
92130 87 803639707324552.2
34756 93 988087461829047.0
99472 52 620031342648793.4
43745 4 223849242491734.66
47603 52 247082983928046.2
10419 29 186634130061138.28
96680 58 732757575991285.6
26739 85 530802297839566.7
74386 88 455931690547868.6
71980 24 114518896296742.72
9617 12 725566266201552.5
62184 36 448849050712765.6
2658 35 538889776061982.9
98005 86 176380063852334.97
26822 97 56528560355362.02
27117 29 392679124810496.06
3232 73 127434921228317.34
32171 34 261611872032344.25
50441 50 802188491783020.4
99042 93 968739899379321.5
90496 35 205956399616676.44
68741 18 332270868049022.4
7128 13 232096843956681.2
64813 3 349474682065492.5
19733 32 213683831914965.3
4078 47 487622835271612.1
19436 45 676762708290543.0
70861 47 401700694115140.3
15934 36 757721835502739.2
86689 56 599508235484695.8
1182 38 299119738091471.6
10261 12 154326440430568.66
56937 12 173289986648649.8
35700 38 344323228236116.5
3247 86 405762912936032.06
48429 6 460017394741153.2
62875 44 568868379207446.5
85630 90 286281453999440.25
72956 77 972886214791431.5
75145 53 991770649355707.0
11393 50 730288167660494.1
36515 37 238212377432877.03
18116 78 693693949180116.4
50412 47 225593664302277.78
73242 78 484800531775650.94
55685 59 884157017097980.0
81891 96 164624924732285.97
80640 53 797362908414578.6
20795 4 264945514166217.8
69501 83 160229486297165.28
71856 18 307186951771389.3
76872 12 928132294472006.9
85530 35 799650977509056.8
26898 13 137266932556966.53
24703 28 827585745384568.0
75144 32 407834290005939.6
97073 4 13006688656822.64
3821 37 428534312784763.4
77333 39 831676625972693.1
94749 92 160783907575923.88
20301 74 178437991627241.06
88437 99 391256665341729.06
49019 76 653026957195873.2
19887 43 875852535630761.1
19369 93 580143760602995.5
66910 35 105020010329127.56
94144 58 624702588394377.2
1229 80 616996745493441.8
62067 25 768053274724463.0
93137 38 899099212391253.5
71882 24 657836145422408.8
17037 66 957363262413399.9
78384 97 384427212844133.8
79876 38 531223266575776.1
91311 96 702657700115658.2
67035 58 191461193468323.12
1735 17 28263755278637.113
81869 48 174577594627705.38
62035 35 306783076127632.9
58195 21 449911952546688.06
30601 76 356824807859634.1
74109 8 55644384618628.195
27602 93 233257437542338.84
33074 92 259079032212900.97
39960 80 83535650061439.14
95980 34 309735506470597.44
46078 97 521624368882833.25
90764 54 496498496531659.0
546 28 982260419215998.9
4679 80 466393414396975.7
21494 36 768685994945249.0
29373 44 271081533601952.97
63996 79 165201900976290.06
69741 45 229357205632225.4
28723 15 827170475766943.1
46339 3 487987240376814.3
31586 83 126243195618895.75
19865 39 303051109638237.1
99301 68 995347247987405.9
24263 26 218263342958752.72
56736 6 638013175054292.9
16292 75 916386383153318.9
62566 26 640788547323256.2
84535 45 148566542804380.75
86614 25 56791044918844.016
69160 73 567276814752600.9
92818 71 983236843312441.4
42632 96 181391704255145.94
21904 60 291014015492508.5
99940 74 824131079405038.6
19898 88 569727916241528.5
13843 13 566267792190028.4
88102 59 224042478829014.75
59314 76 48425710995665.95
29274 59 442211820349881.06
26809 3 437833910287114.2
43363 45 498384770192584.2
83463 19 505764579712856.06
98473 75 474204957594289.4
76347 29 244049465302661.47
86877 90 580277119238339.0
67075 97 596345226335881.5
76906 12 732125663864672.0
10168 88 29078948598249.777
1728 86 20150790325552.336
11024 81 137519014775502.11
88979 15 156623346507370.66
89060 95 791752591892101.9
76807 33 775574127769755.0
51503 38 10832253230688.705
96998 30 704382481034276.8
36611 83 733996993712941.2
42096 9 374796663132812.7
75308 39 193472402127358.94
97453 30 181811654366085.6
10802 36 151567521106557.12
32063 67 771327945952210.4
88882 48 786640766050712.5
19950 36 440066906543739.4
89595 27 149122140717253.8
19454 11 817478533801540.2
76185 56 135518896776695.6
60676 22 803537885179608.8
972 27 280433095788051.1
28550 4 395255115239147.56
79307 91 319292135575265.94
1587 23 262585650563396.88
13389 13 783158855422571.2
88662 35 72750284311243.64
53942 59 85063680681784.94
97297 1 941034417074812.5
80361 90 171164988036863.4
69611 39 523944867264524.2
10192 71 876352980340831.8
72176 51 785406621657200.0
12906 42 564816760496935.2
86310 21 71401215295866.19
66397 16 999923963373043.5
90075 27 143772482242426.78
39300 47 518212513966070.94
44407 11 537222442669048.4
53847 28 341645663047896.25
78190 85 358515512033769.44
54737 4 628138266294729.4
14474 59 46456450106662.88
10639 29 125168876814598.31
71158 13 809389357529922.8
76906 9 500232809006107.25
55346 94 322351330097168.0
47995 58 676622399413650.9
26884 4 547380632284139.0
77460 52 416780110774403.0
14666 20 940318332463264.0
95820 90 286523698349083.75
48176 59 465677151883936.75
83677 42 456033174099544.4
91742 30 900223838114733.0
7679 4 230142968513241.34
58928 67 519218519525336.7
9374 76 807081911232936.9
26786 41 793459357311677.4
95095 75 368101917146631.9
24775 29 811609700515216.2
92393 35 169524784724619.4
53781 50 201283122239236.28
35864 40 896711056147401.1
292 44 604749336974679.5
8858 36 875325282628974.4
19836 65 497232331333910.06
17432 23 165511113384034.78
54597 21 284002403195170.44
27333 42 240081703104766.94
58864 80 968467200645033.0
74552 4 139379351907731.44
34390 28 367955860253985.9
67213 56 351896857480918.56
66439 73 690791063393143.5
42228 42 547705040460316.6
52182 48 146410829631737.34
77802 15 356422282983202.1
38482 77 721128420480424.8
85602 18 488463210310618.25
87614 80 210021478324749.16
14289 18 766892438426471.1
30256 66 147090917171698.75
70902 57 188407466061408.25
96148 93 464563311378247.0
8526 72 588339675637700.1
37366 62 849472317686979.2
20418 47 666784320580034.5
36215 34 520268448839898.0
36206 35 552179918016540.56
24039 5 359969109943670.94
54794 61 652237851468460.1
35023 95 428168504518571.25
19627 32 89596640134826.48
94897 32 623333077537014.0
31323 16 394452793541369.5
34073 28 720315919351025.6
90343 45 995814777480639.2
5732 97 150290838736857.34
23085 39 676172479041796.0
38708 6 75753313886587.45
32209 16 379372684496981.8
11931 55 554561075996087.6
2622 25 368052662490682.56
77314 90 247911047783779.03
32953 35 827571668738295.0
68266 66 824526070282826.8
28803 25 176911259589347.4
19584 83 435309965690270.4
12760 62 896640979257223.5
67181 59 228363948555036.06
16062 37 284270090452325.56
30830 78 453848353733955.2
38524 91 116996649623181.8
88599 64 143631972683769.94
49054 82 905464950656812.5
2441 29 893673514818761.8
39737 85 533184378951891.5
35288 66 495262855133886.7
565 16 850048256834355.5
52229 34 71955748139374.55
27852 97 878779456484842.6
93704 70 909954691907692.6
65869 48 212274015587396.9
20539 4 536895048788549.44
55974 1 332280370838196.94
59538 77 585226773329907.0
23000 1 2398708288444.351
32542 66 429788040744961.56
62535 8 801229287547256.6
31412 69 689605587302558.4
47967 12 790301930318566.4
79795 81 597996524047835.4
39468 29 339835736085911.56
21042 93 72668265133031.6
8616 43 625557645709888.8
922 27 321841570955755.4
10590 57 126377190638878.1
30578 58 704778715862748.8
61660 32 269663580269141.62
71873 70 982233956653586.0
93280 54 266789941435365.06
44895 37 64246940651559.56
21650 85 182186295795042.2
7279 74 598474900189505.0
11971 56 640721605034209.4
47003 35 32203007244615.555
33619 74 892690693785897.0
4768 79 331221772202653.0
9883 46 72473676805058.23
33345 3 24831472338508.91
72122 65 462574943344373.2
60997 31 400029671928898.4
36963 22 415535739319070.94
26643 6 303364242903291.75
67933 85 51522284551536.18
19687 90 7317233449741.001
12386 70 209374870068114.4
18387 1 10715356550297.428
65650 94 498270153866791.06
78851 98 949518170082065.4
12055 76 715189262324027.0
29759 19 533241879281677.2
33145 15 236178652464489.3
52632 84 901848101142766.4
90240 70 986537278457314.5
41756 21 683572483594619.9
41151 23 662806537136883.5
93295 34 737739198897245.2
4360 28 49040743618039.23
93995 15 429988468376819.4
35165 35 503908955963904.75
64830 67 786364421712171.8
95234 94 171343477059656.7
39751 87 790534020317539.9
25267 81 762667052567663.6
72396 73 830096654213256.8
2191 81 762880831132559.2
87464 23 113930441646675.98
30460 84 568438046295383.9
86271 61 265220265608656.62
4233 30 460163463152062.56
19238 52 713525309048129.8
52810 56 746044366074053.8
17066 19 131379533343932.05
80280 20 378214595538632.8
25851 63 369750507643867.44
8701 99 184367378620648.22
80771 39 270865883630459.06
41170 92 841818626964998.6
32921 15 170882657787450.25
82020 82 169465763818483.78
54774 36 757966349816570.0
25390 51 933610173557184.0
90975 3 899965580731118.4
60881 17 55533184713123.96
62340 17 314927186652937.4
51756 24 907602220143280.1
62474 86 353991507176897.6
30 70 625980121999827.4
93691 9 881743268494466.0
52285 3 280318576722599.53
23402 3 272380578229120.22
55497 36 917158112826723.4
90237 42 939782056059893.1
4001 32 853594567666939.8
45466 82 879316666707300.0
85917 22 832747488815861.8
57800 38 458409902537798.0
10525 15 898543917396716.5
92483 16 62627680667606.93
60192 40 480744744264332.56
28183 58 813562545623921.2
40334 57 15482611191204.42
93423 95 418055621545594.06
48973 12 672879147500852.2
19860 90 369070090933385.06
62356 29 725087454704833.0
42852 8 697053018173900.6
48789 59 752182382771966.8
35052 54 26813513451024.23
62617 49 209446279716340.66
2125 5 74855432247879.5
76142 54 726015920487699.0
36245 35 943348091548299.9
437 7 275118390123960.78
41673 9 149598928893972.4
1128 61 49891311926047.01
59073 66 720430913880134.0
60675 66 399506947200320.1
42016 3 450103695182663.25
80815 38 594173541983799.0
77636 81 666598759909506.4
10438 49 357477285985113.44
93273 58 65852586598380.89
81020 93 297808720941835.06
89514 19 591835930532404.2
79365 17 299296725860875.5
75408 16 495342325973407.0
54130 2 614174065468006.4
79543 21 239176390565439.6
71614 0 996284430829710.5
90745 11 328879752164364.06
70732 95 294477834901144.6
70850 14 251581664755229.47
70359 88 683129686507286.4
87998 23 443057335863155.1
28580 78 443583841546571.8
41099 92 737821963181948.2
76025 74 415731799041709.3
74409 13 563212382615979.8
70948 89 636004264043881.8
4255 44 494717562744516.94
40877 65 497206779620332.75
87790 12 607488327617188.6
39011 63 23015261361061.023
90944 63 362027772103771.0
65370 19 408417748354319.44
19819 17 615044151460671.5
52182 31 941355039999058.6
35496 47 972190836663603.9
24594 20 937522865295880.8
58289 30 804595148798000.4
97449 1 655890984960612.9
4632 12 52089037340116.94
4300 85 49697316192644.39
99163 18 792033486169199.6
86372 39 552610039485461.8
77837 11 169067294388512.88
94789 85 128589053496527.27
91585 36 973497715290425.4
9265 23 301329658808406.1
86698 16 135545910535904.48
36678 7 180195353236813.12
52573 6 299388228700034.7
68926 97 90153635740809.48
30505 48 330989796623540.75
25408 37 980539876752303.4
34477 47 664500866232052.0
71471 92 987702266730453.6
20587 62 793174205798642.8
58868 4 40395874941661.75
76614 87 120245518821062.05
67934 21 704597362124987.6
78480 2 879805033363196.5
94585 64 9750138153994.725
12076 85 8376245947861.127
94085 79 677044565483619.2
19267 89 349645161400782.4
68868 51 575058488748963.4
80540 61 788774746757362.1
64552 25 861771498257708.6
39497 99 698406394021026.6
7734 78 517713999472337.1
3712 42 960866591534996.1
9626 37 30333305538177.035
44709 75 471762316651608.3
2863 53 665625050299778.1
44054 47 458273274334138.75
94011 53 706777826756552.9
46136 9 606871910756549.9
14763 8 911522303208534.1
26053 81 398573730570980.56
43799 62 566891924822976.5
10982 72 285129252533001.4
45683 11 39627588403728.82
80050 2 248603558242131.1
39854 81 261740898356629.72
27079 30 820114530189442.4
29359 1 635929861958588.9
4246 71 174316979485303.78
36656 2 218939597523668.75
97572 27 481234028546302.06
54472 5 390284276074216.1
53299 7 591720899010073.1
41943 91 310191192418325.4
81142 52 379307227757368.4
62304 38 224685984495213.16
46679 12 877843276877909.4
48383 99 827340985321543.9
13923 88 898696025004223.9
51815 18 62854354830180.31
83123 80 587405307499499.9
55832 58 938631232951441.5
36752 11 615977374245728.4
4920 47 717785283218063.1
96666 11 718653920131356.6
6109 56 774901701925777.6
80696 81 357735719644766.7
62201 30 88655062191539.06
63701 11 229666343713148.3
28873 9 328872568910751.8
