100 100
44 64 9.355469544534684e+18
82 99 2.643092747172943e+18
29 29 5.266497277936674e+18
45 78 5.107487752512228e+18
70 24 1.403330969933626e+18
61 33 7.302577218375761e+17
35 13 1.6713642582526733e+18
2 91 8.785949844304937e+18
44 38 2.792012660241171e+18
87 14 1.0963616568689938e+16
24 14 6.572038590665616e+18
70 67 8.98553441126144e+18
86 1 6.475079285805802e+18
72 45 2.3097791899571553e+18
27 38 1.166482153555477e+18
79 51 1.4855398599104986e+18
7 8 3.192528017627322e+18
4 72 2.9052064630026675e+18
76 45 7.768867191799032e+18
66 41 2.3377353409555866e+18
53 91 8.587523003851773e+18
41 21 6.852721883207759e+18
62 88 4.518294286525105e+18
86 29 6.101000831335822e+18
40 1 8.746558214034857e+18
5 49 6.206848967111544e+17
41 2 8.250153124028965e+18
47 44 2.3123918652451927e+18
51 9 2.025188253786605e+18
8 53 6.327242812965773e+18
55 10 8.497320051541924e+17
9 1 8.235270762073431e+18
68 36 7.299059492590326e+18
43 53 4.2204851199799875e+18
73 3 3.5462443095443277e+18
50 3 4.848113723892566e+18
29 53 2.463876226039826e+18
42 97 5.478490454850674e+18
14 4 2.128970862621845e+18
79 46 9.182539000344371e+18
3 1 3.191263355014643e+18
53 61 3.820343577391716e+18
88 74 3.0622438350853586e+18
70 11 3.171632561128519e+18
88 95 2.258247962008576e+18
78 77 8.33959628110768e+18
0 92 2.1726440463472607e+18
83 54 1.393770126717535e+18
27 44 5.64886696854765e+17
79 95 2.9703350040213294e+18
87 80 9.573526000866351e+18
29 18 2.2252786592147156e+18
42 34 9.149311789079136e+18
75 51 3.823669219757753e+18
13 29 7.083229905558735e+18
92 81 3.5761312871880504e+18
21 88 5.421989131341832e+18
43 11 8.141596619248073e+18
98 13 5.663019118762171e+18
41 3 7.366923907804144e+18
76 64 2.0438686356316972e+18
11 86 1.6341948528173768e+18
3 73 8.572893581630702e+18
60 97 3.7308255633644293e+18
9 87 7.784626034853368e+18
54 36 9.227209780101435e+18
6 49 7.850957805577253e+18
95 98 9.50859746847973e+18
33 37 7.408193149337271e+18
61 13 8.490160349029729e+18
31 58 3.8019754924427653e+18
85 53 6.156787066080414e+18
30 87 4.879267670709391e+18
94 5 8.349491164657786e+17
39 56 2.1734847445746785e+18
12 47 1.7885891384109842e+18
31 60 1.6323735626111226e+17
93 18 9.289568149064092e+18
23 17 8.599939476310164e+18
74 61 1.781810130135616e+18
8 95 2.0850263605203556e+18
38 43 2.2076168198178925e+17
90 67 8.159087557284476e+18
30 98 5.935325631795202e+18
47 19 2.5997577809226527e+18
65 16 7.151724840581733e+18
78 84 4.666223729829777e+18
96 24 6.978849640335145e+18
82 59 4.552540354466623e+18
47 17 4.0850566443411963e+18
56 33 4.911123898719071e+18
45 29 6.072356837062431e+18
28 1 1.3546283826962248e+18
78 18 8.627974328869984e+18
61 58 4.0715345806844436e+18
92 42 7.416037893101527e+18
76 52 1.3898341455456986e+17
96 21 5.147377960543238e+18
53 24 9.43438493188191e+18
48 69 2.1283011205268076e+18
